im=[72 92 95 98 112 110 103 99;
         12 12 14 19 26 58 60 55;
         72 92 95 98 112 110 103 99;
         14 17 22 29 51 87 80 62;
         18 22 37 56 68 109 103 77;
         24 35 55 64 81 104 113 92;
         49 64 78 87 103 121 120 101;
         72 92 95 98 112 110 103 99];